3,2
3,1
3,3
10,173
10,93
10,125
10,293
10,121
10,115
10,297
10,263
11,11
11,13
11,5
11,21
11,29
11,25
11,2
11,3
9,5
8,7
8,13
8,5
8,8
20,2
20,1
20,3
19,2
19,1
19,3
106,3
106,2
106,1
106,0
105,5
105,4
105,3
105,2
105,1
105,0
103,129
103,128
103,98
103,97
103,96
103,95
103,94
103,93
103,92
103,91
103,90
103,89
103,88
103,87
103,86
103,85
103,84
103,83
103,82
103,81
103,80
103,79
103,78
103,77
103,76
103,75
103,74
103,73
103,72
103,71
103,70
103,69
103,68
103,67
103,65
103,63
103,62
103,61
103,60
103,59
103,58
103,57
103,56
103,55
103,54
103,53
103,52
103,51
103,50
103,49
103,48
103,47
103,46
103,44
103,43
103,42
103,40
103,39
103,36
103,35
103,32
103,31
103,30
103,29
103,28
103,27
103,25
103,24
103,23
103,22
103,20
103,16
103,15
103,13
103,12
103,10
103,9
103,8
103,5
103,4
103,3
18,3
